2818300090
2833220000
2843909000
2903493090
2903776090
2903780090
2903793090
2903798000
2903898090
2903920000
2903998090
2904100090
2904990090
2905220090
2905299090
2905399590
2905599890
2907199090
2907290090
2908190090
2908990000
2909199090
2909200090
2909303890
2909309090
2909498090
2909500090
2912190090
2912290090
2912490090
2914199090
2914290090
2914390090
2914500090
2914620000
2914698090
2914790090
2915390090
2915601990
2916199590
2916200090
2916310090
2916399090
2917139090
2917191090
2917198090
2917340090
2917399590
2918160090
2918199890
2918220090
2918230000
2918290090
2918300090
2918999090
2919900090
2920190090
2920901090
2920907090
2921195000
2921199990
2921290090
2921301090
2921309990
2921420090
2921430090
2921450090
2921490090
2921599090
2922110000
2922190090
2922290090
2922390090
2922410090
2922500090
2923100090
2923900090
2924190090
2924210090
2924297099
2925199590
2925290090
2926300000
2927000010
2927000090
2928009090
2929900090
2930200090
2930300000
2930901300
2930909899
2931493000
2931499090
2931900090
2932190090
2932209090
2932950000
2932990090
2933199090
2933210090
2933299090
2933330000
2933399990
2933491090
2933499090
2933539000
2933540090
2933599590
2933698070
2933698090
2933790090
2933919000
2933992000
2933998090
2934100090
2934208090
2934309090
2934999090
2935909099
2938100000
2938909090
2940000080
3204120090
3204130090
3204190090
3204900090
3402410000
3402420090
3504009000
3507909090
3808941000
3824999299
3824999390
3901908099
3902909099
3905999099
3906909090
3907100090
3907292090
3907299990
3907300090
3907998090
3908900090
3909100000
3909400090
3911901990
3911909990
3912310000
3912398590
3912901090
3913900099
3914000000
